00000000000000000001001010110111
00000001000000101000001100010011
00000010000000101000001110010011
00000000000100000000010100010011
00000000101000101010000000100011
00000000001000000000010100010011
00000000101000101010001000100011
00000000001100000000010100010011
00000000101000101010010000100011
00000000010000000000010100010011
00000000101000101010011000100011
00000000010100000000010100010011
00000000101000110010000000100011
00000000011000000000010100010011
00000000101000110010001000100011
00000000011100000000010100010011
00000000101000110010010000100011
00000000100000000000010100010011
00000000101000110010011000100011
00000000010000000000111000010011
00000000000000000000011010010011
00000000000000101010010110000011
00000000000000110010011000000011
00000000000000000000011100010011
00000000000001100000011110010011
00000000000001111000100001100011
00000000101101110000011100110011
11111111111101111000011110010011
11111111010111111111000001101111
00000000111001101000011010110011
00000000010000101000001010010011
00000000010000110000001100010011
11111111111111100000111000010011
00000000000011100000010001100011
11111100110111111111000001101111
00000000110100111010000000100011
11111111110111111111000001101111
