00000110010000000000001010010011
00000000000000000100001100110111
00000000010000000000001110010011
00000000010100110010000000100011
00000000010100110010001000100011
00000000100000110000001100010011
11111111111100111000001110010011
11111110000000111001100011100011
00000000000000000000010100010011
00000000000000000000101010010011
00000000000000001000111100110111
00000000010011110010001110000011
01000001010100111000111000110011
00000001010011100101111000010011
00000000000011100000011001100011
00000010110000000000000011101111
00000000000000111000101010010011
00000000000011110010101000000011
00000000000110100111111010010011
00000100000011101001101001100011
00000000001010100111111010010011
00000110000011101001101001100011
00000000010010100111111010010011
00001110000011101001000001100011
00001001000000000000000011101111
11111100100111111111000001101111
00000000001101010001111100010011
00000000000000000100111110110111
00000001111111110000111100110011
00000000000011110010001010000011
11111111111100101000001010010011
00000000000000101101010001100011
00000000000000000000001010010011
00000000010111110010000000100011
00000000010011110010001010000011
11111111111100101000001010010011
00000000000000101101010001100011
00000000000000000000001010010011
00000000010111110010001000100011
00000000000000001000000001100111
00000000001101010001111100010011
00000000000000000100111110110111
00000001111111110000111100110011
00000000000011110010001010000011
00000000101000101000001010010011
00000110010000000000001100010011
00000000011000101100010001100011
00000110010000000000001010010011
00000000010111110010000000100011
11110110100111111111000001101111
00000000001101010001111100010011
00000000000000000100111110110111
00000001111111110000111100110011
00000000010011110010001010000011
00000000101000101000001010010011
00000110010000000000001100010011
00000000011000101100010001100011
00000110010000000000001010010011
00000000010111110010001000100011
11110100000111111111000001101111
00000000001101010001111100010011
00000000000000000100111110110111
00000001111111110000111100110011
00000000000011110010001010000011
00000001111000000000001100010011
00000000011000101100101001100011
00000000010011110010001010000011
00000000011000101100101001100011
00000000000000000000010100010011
00000001010000000000000001101111
00000000000100000000010100010011
00000000110000000000000001101111
00000000001000000000010100010011
00000000010000000000000001101111
00000000000000001001111010110111
00000000100001010001111100010011
00000000101011110110111100110011
00000001111011101010000000100011
00000000000000001000000001100111
00000000000101010000010100010011
00000000010000000000111010010011
00000001110101010100010001100011
00000000000000000000010100010011
11101110000111111111000001101111
