00000000000000001010010000110111
00000000000000001000010010110111
00000000000000000010100100110111
01000000000000000000101110010011
00000000000000000000110100010011
00000000100001001010001010000011
00000000000100101111001010010011
11111110000000101000110011100011
00000000000000000000001010010011
00000000010101000000001100110011
00000000000000110000000000100011
00000000000100101000001010010011
00001000000000000000001110010011
11111110011100101100100011100011
00000000000100000000100110010011
00000100000000000000101000010011
00000000000000000000101010010011
00000000000100000000101100010011
00000001010010010010000000100011
00000001010001000000001010110011
00001111111100000000001100010011
00000000011000101000000000100011
00000000010001001010001010000011
00000111111100101111001010010011
00000000010101000000001100110011
00000000000000110100001110000011
11111110000000111001100011100011
00001010101000000000001110010011
00000000011100110000000000100011
00000000100001001010001010000011
00000000000100101111001010010011
11111000000000101000110011100011
00000000000001001010001010000011
00000000100000101111001100010011
00000000000000110000010001100011
00000000000100000000100110010011
00000000010000101111001100010011
00000000000000110000010001100011
11111111111100000000100110010011
00000000001000101111001100010011
00000000000000110000010001100011
00000001000000000000100110010011
00000000000100101111001100010011
00000000000000110000010001100011
11111111000000000000100110010011
00000000010001001010001010000011
01000001101000101000001100110011
11111011011100110100110011100011
00000000000000101000110100010011
00000001001110100000001010110011
00000111111100101111001010010011
00000000010101000000001100110011
00000000000000110100001110000011
00001010101000000000111000010011
00000101110000111000110001100011
00000000001010101001001100010011
00000000011010010000001100110011
00000000000000110010001110000011
00000000011101000000111000110011
00000000000011100000000000100011
00000000000110101000101010010011
00010000000000000000111010010011
00000001110110101100010001100011
00000000000000000000101010010011
00000000001010110001001100010011
00000000011010010000001100110011
00000000010100110010000000100011
00000000000110110000101100010011
00010000000000000000111010010011
00000001110110110100010001100011
00000000000000000000101100010011
00000000010101000000001100110011
00001111111100000000001110010011
00000000011100110000000000100011
00000000000000101000101000010011
11110100100111111111000001101111
11111101000111111111000001101111
11110010010111111111000001101111
