00000000000000000001001010110111
00000000000000000001001010010111
00000000000000000000000001101111
00000000000000001000000001100111
00000000000000110000001010000011
00000000000000110001001010000011
00000000000000110010001010000011
00000000000000110100001010000011
00000000000000110101001010000011
00000000000100110000001010010011
00000000000100110010001010010011
00000000000100110011001010010011
00000000000100110100001010010011
00000000000100110110001010010011
00000000000100110111001010010011
00000000000100110001001010010011
00000000000100110101001010010011
01000000000100110101001010010011
00000000011000101000001001100011
00000000011000101001001001100011
00000000011000101100001001100011
00000000011000101101001001100011
00000000011000101110001001100011
00000000011000101111001001100011
00000000010100110000000000100011
00000000010100110001000000100011
00000000010100110010000000100011
00000000011100110000001010110011
01000000011100110000001010110011
00000000011100110001001010110011
00000000011100110010001010110011
00000000011100110011001010110011
00000000011100110100001010110011
00000000011100110101001010110011
01000000011100110101001010110011
00000000011100110110001010110011
00000000011100110111001010110011
00001111111100000000000000001111
00000000000000000001000000001111
00000000000000000000000001110011
00000000000100000000000001110011
00110000000000110001001011110011
00110000000000110010001011110011
00110000000000110011001011110011
00110000000000001101001011110011
00110000000000001110001011110011
00110000000000001111001011110011
