00000000000000000000001010110111
00000000000000101000001010010011
00000000000000000000001100110111
00000001000000110000001100010011
00000000000000000000001110110111
00000010000000111000001110010011
00000000000100000000010100010011
00000000101000101010000000100011
00000000001000000000010100010011
00000000101000101010001000100011
00000000001100000000010100010011
00000000101000101010010000100011
00000000010000000000010100010011
00000000101000101010011000100011
00000000010100000000010110010011
00000000101100110010000000100011
00000000011000000000010110010011
00000000101100110010001000100011
00000000011100000000010110010011
00000000101100110010010000100011
00000000100000000000010110010011
00000000101100110010011000100011
00000000000000101010010100000011
00000000000000110010010110000011
00000000000000000000011010010011
00000000000001011000010001100011
00000000101001101000011010110011
11111111111101011000010110010011
11111111010111111111000001101111
00000000010000101010010100000011
00000000100000110010010110000011
00000000000000000000011100010011
00000000000001011000010001100011
00000000101001110000011100110011
11111111111101011000010110010011
11111111010111111111000001101111
00000000111001101000011010110011
00000000110100111010000000100011
00000000000000101010010100000011
00000000010000110010010110000011
00000000000000000000011010010011
00000000000001011000010001100011
00000000101001101000011010110011
11111111111101011000010110010011
11111111010111111111000001101111
00000000010000101010010100000011
00000000110000110010010110000011
00000000000000000000011100010011
00000000000001011000010001100011
00000000101001110000011100110011
11111111111101011000010110010011
11111111010111111111000001101111
00000000111001101000011010110011
00000000110100111010001000100011
00000000100000101010010100000011
00000000000000110010010110000011
00000000000000000000011010010011
00000000000001011000010001100011
00000000101001101000011010110011
11111111111101011000010110010011
11111111010111111111000001101111
00000000110000101010010100000011
00000000100000110010010110000011
00000000000000000000011100010011
00000000000001011000010001100011
00000000101001110000011100110011
11111111111101011000010110010011
11111111010111111111000001101111
00000000111001101000011010110011
00000000110100111010010000100011
00000000100000101010010100000011
00000000010000110010010110000011
00000000000000000000011010010011
00000000000001011000010001100011
00000000101001101000011010110011
11111111111101011000010110010011
11111111010111111111000001101111
00000000110000101010010100000011
00000000110000110010010110000011
00000000000000000000011100010011
00000000000001011000010001100011
00000000101001110000011100110011
11111111111101011000010110010011
11111111010111111111000001101111
00000000111001101000011010110011
00000000110100111010011000100011
00000000000000000000000001101111
